{"producer":{"name":"Blender","version":"2.78 (sub 0)","exporter_version":"4.6.1","file":"dino3babylon.babylon"},
"autoClear":true,"clearColor":[0.0509,0.0509,0.0509],"ambientColor":[0,0,0],"gravity":[0,-9.81,0],
"materials":[{"name":"dino3babylon.Material","id":"dino3babylon.Material","ambient":[0.1397,0.4869,0.0932],"diffuse":[0.1006,0.3506,0.0671],"specular":[0.008,0.0596,0.0126],"emissive":[0,0,0],"specularPower":50,"alpha":1,"backFaceCulling":true,"checkReadyOnlyOnce":false},
{"name":"dino3babylon.Material.002","id":"dino3babylon.Material.002","ambient":[0.1679,0.0841,0.1238],"diffuse":[0.1344,0.0673,0.0991],"specular":[0.5,0.5,0.5],"emissive":[0,0,0],"specularPower":50,"alpha":1,"backFaceCulling":true,"checkReadyOnlyOnce":false},
{"name":"dino3babylon.Material.003","id":"dino3babylon.Material.003","ambient":[0.9093,1,0.7727],"diffuse":[0.9093,1,0.7727],"specular":[0.5,0.5,0.5],"emissive":[0,0,0],"specularPower":50,"alpha":1,"backFaceCulling":true,"checkReadyOnlyOnce":false},
{"name":"dino3babylon.Material.004","id":"dino3babylon.Material.004","ambient":[0.2837,0.2957,0.1258],"diffuse":[0.2269,0.2365,0.1007],"specular":[0.5,0.5,0.5],"emissive":[0,0,0],"specularPower":50,"alpha":1,"backFaceCulling":true,"checkReadyOnlyOnce":false},
{"name":"dino3babylon.Material.001","id":"dino3babylon.Material.001","ambient":[0.0444,0.0444,0.0444],"diffuse":[0.0356,0.0356,0.0356],"specular":[0.5,0.5,0.5],"emissive":[0,0,0],"specularPower":50,"alpha":1,"backFaceCulling":true,"checkReadyOnlyOnce":false},
{"name":"dino3babylon.Material.005","id":"dino3babylon.Material.005","ambient":[0.1473,0.0263,0.0456],"diffuse":[0.1178,0.0211,0.0365],"specular":[0.5,0.5,0.5],"emissive":[0,0,0],"specularPower":50,"alpha":1,"backFaceCulling":true,"checkReadyOnlyOnce":false}],
"multiMaterials":[{"name":"dino3babylon.Multimaterial#0","id":"dino3babylon.Multimaterial#0","materials":["dino3babylon.Material","dino3babylon.Material.002","dino3babylon.Material.003","dino3babylon.Material.004","dino3babylon.Material.001","dino3babylon.Material.005"]}],
"skeletons":[{"name":"Armature","id":0,"dimensionsAtRest":[2.1948,3.4734,7.2809],"bones":[
{"name":"Bone","index":0,"matrix":[0.9907,0.1361,0,0,0,0,-1,0,0.1361,-0.9907,0,0,0.0964,-0.0287,0.3108,1],"rest":[0.9907,0.1361,0,0,0,0,-1,0,0.1361,-0.9907,0,0,0.0964,-0.0287,0.3108,1],"parentBoneIndex":-1,"length":1
,"animation":{"dataType":3,"framePerSecond":24,"keys":[
{"frame":0,"values":[0.9907,0.1361,0,0,0,0,-1,0,0.1361,-0.9907,0,0,0.0964,-0.0287,0.3108,1]},
{"frame":1,"values":[0.9907,0.1361,0,0,0,0,-1,0,0.1361,-0.9907,0,0,0.0964,-0.0287,0.3108,1]},
{"frame":11,"values":[0.9907,0.1361,0,0,0,0,-1,0,0.1361,-0.9907,0,0,0.0964,-0.0287,0.3108,1]},
{"frame":30,"values":[0.9907,0.1361,0,0,0,0,-1,0,0.1361,-0.9907,0,0,0.0964,-0.0287,0.3108,1]},
{"frame":41,"values":[0.9907,0.1361,0,0,0,0,-1,0,0.1361,-0.9907,0,0,0.0964,-0.0287,0.3108,1]},
{"frame":67,"values":[0.9907,0.1361,0,0,0,0,-1,0,0.1361,-0.9907,0,0,0.0964,-0.0287,0.3108,1]},
{"frame":81,"values":[0.9907,0.1361,0,0,0,0,-1,0,0.1361,-0.9907,0,0,0.0964,-0.0287,0.3108,1]},
{"frame":101,"values":[0.9907,0.1361,0,0,0,0,-1,0,0.1361,-0.9907,0,0,0.0964,-0.0287,0.3108,1]},
{"frame":111,"values":[0.9907,0.1361,0,0,0,0,-1,0,0.1361,-0.9907,0,0,0.0964,-0.0287,0.3108,1]},
{"frame":130,"values":[0.9907,0.1361,0,0,0,0,-1,0,0.1361,-0.9907,0,0,0.0964,-0.0287,0.3108,1]}],"loopBehavior":1,"name":"anim","property":"_matrix"}},
{"name":"Bone.055","index":1,"matrix":[0.9508,0.2975,0.0867,0,0.2488,-0.8997,0.3586,0,0.1847,-0.3193,-0.9295,0,0.8855,0.8216,-0.3315,1],"rest":[0.9824,-0.015,0.186,0,-0.0048,-0.9985,-0.0551,0,0.1866,0.0532,-0.981,0,0.8715,0.3427,-0.1147,1],"parentBoneIndex":0,"length":0.3455
,"animation":{"dataType":3,"framePerSecond":24,"keys":[
{"frame":0,"values":[0.9824,-0.015,0.186,0,-0.0048,-0.9985,-0.0551,0,0.1866,0.0532,-0.981,0,0.8714,0.3427,-0.1147,1]},
{"frame":1,"values":[0.9824,-0.015,0.186,0,-0.0048,-0.9985,-0.0551,0,0.1866,0.0532,-0.981,0,0.8714,0.3427,-0.1147,1]},
{"frame":11,"values":[0.7977,0.3621,0.4822,0,0.4581,-0.8839,-0.094,0,0.3922,0.2958,-0.871,0,0.8719,0.0692,-0.1183,1]},
{"frame":12,"values":[0.8025,0.3638,0.4729,0,0.452,-0.888,-0.084,0,0.3894,0.2812,-0.8771,0,0.8723,0.0879,-0.1236,1]},
{"frame":13,"values":[0.8169,0.3678,0.4444,0,0.4339,-0.8994,-0.0533,0,0.3801,0.2364,-0.8943,0,0.8733,0.1443,-0.1395,1]},
{"frame":14,"values":[0.8395,0.3712,0.3968,0,0.4049,-0.9144,-0.0014,0,0.3623,0.1618,-0.9179,0,0.8749,0.236,-0.1655,1]},
{"frame":15,"values":[0.8675,0.3695,0.333,0,0.3681,-0.9272,0.0698,0,0.3345,0.062,-0.9404,0,0.8771,0.3559,-0.1995,1]},
{"frame":16,"values":[0.8965,0.359,0.2597,0,0.3288,-0.9319,0.1533,0,0.297,-0.0521,-0.9535,0,0.8795,0.4917,-0.238,1]},
{"frame":17,"values":[0.9218,0.3396,0.1868,0,0.2928,-0.926,0.2383,0,0.2539,-0.165,-0.9531,0,0.882,0.6275,-0.2765,1]},
{"frame":18,"values":[0.9408,0.3154,0.1242,0,0.2645,-0.9122,0.313,0,0.2121,-0.2616,-0.9416,0,0.8841,0.7474,-0.3105,1]},
{"frame":19,"values":[0.9529,0.2929,0.078,0,0.2453,-0.8964,0.3692,0,0.1781,-0.3326,-0.9261,0,0.8858,0.8391,-0.3365,1]},
{"frame":20,"values":[0.9594,0.2775,0.0506,0,0.2346,-0.8846,0.403,0,0.1566,-0.3748,-0.9138,0,0.8868,0.8955,-0.3524,1]},
{"frame":21,"values":[0.9614,0.2721,0.0417,0,0.2312,-0.8804,0.4141,0,0.1494,-0.3885,-0.9093,0,0.8871,0.9142,-0.3577,1]},
{"frame":22,"values":[0.9589,0.2787,0.0527,0,0.2354,-0.8856,0.4004,0,0.1583,-0.3715,-0.9149,0,0.8867,0.8911,-0.3512,1]},
{"frame":23,"values":[0.9508,0.2975,0.0867,0,0.2488,-0.8997,0.3586,0,0.1847,-0.3193,-0.9295,0,0.8855,0.8216,-0.3315,1]},
{"frame":24,"values":[0.9352,0.3236,0.1435,0,0.273,-0.9173,0.2899,0,0.2254,-0.2319,-0.9463,0,0.8834,0.7101,-0.2999,1]},
{"frame":25,"values":[0.9112,0.3491,0.2185,0,0.308,-0.9299,0.2012,0,0.2734,-0.116,-0.9549,0,0.8809,0.5682,-0.2597,1]},
{"frame":26,"values":[0.8806,0.366,0.301,0,0.3506,-0.9305,0.1059,0,0.3189,0.0122,-0.9477,0,0.8782,0.4152,-0.2163,1]},
{"frame":27,"values":[0.8485,0.3714,0.3771,0,0.3933,-0.9192,0.0205,0,0.3542,0.1309,-0.926,0,0.8756,0.2733,-0.1761,1]},
{"frame":28,"values":[0.8213,0.3687,0.4354,0,0.4284,-0.9026,-0.0436,0,0.3769,0.2223,-0.8992,0,0.8736,0.1618,-0.1445,1]},
{"frame":29,"values":[0.8037,0.3641,0.4707,0,0.4506,-0.889,-0.0816,0,0.3887,0.2777,-0.8786,0,0.8724,0.0923,-0.1248,1]},
{"frame":30,"values":[0.7977,0.3621,0.4822,0,0.4581,-0.8839,-0.094,0,0.3922,0.2958,-0.871,0,0.8719,0.0692,-0.1183,1]},
{"frame":41,"values":[0.9624,0.2384,0.13,0,0.2237,-0.9675,0.1178,0,0.1539,-0.0843,-0.9845,0,0.8132,0.2175,-0.0359,1]},
{"frame":67,"values":[0.9624,0.2384,0.13,0,0.2237,-0.9675,0.1178,0,0.1539,-0.0843,-0.9845,0,0.8132,0.2175,-0.0359,1]},
{"frame":81,"values":[0.9335,0.2385,0.2678,0,0.2505,-0.968,-0.0112,0,0.2566,0.0775,-0.9634,0,0.8715,0.1865,-0.1154,1]},
{"frame":101,"values":[0.9335,0.2385,0.2678,0,0.2505,-0.968,-0.0112,0,0.2566,0.0775,-0.9634,0,0.8715,0.1865,-0.1154,1]},
{"frame":111,"values":[0.7977,0.3621,0.4822,0,0.4581,-0.8839,-0.094,0,0.3922,0.2958,-0.871,0,0.8719,0.0692,-0.1183,1]},
{"frame":112,"values":[0.8025,0.3638,0.4729,0,0.452,-0.888,-0.084,0,0.3894,0.2812,-0.8771,0,0.8723,0.0879,-0.1236,1]},
{"frame":113,"values":[0.8169,0.3678,0.4444,0,0.4339,-0.8994,-0.0533,0,0.3801,0.2364,-0.8943,0,0.8733,0.1443,-0.1395,1]},
{"frame":114,"values":[0.8395,0.3712,0.3968,0,0.4049,-0.9144,-0.0014,0,0.3623,0.1618,-0.9179,0,0.8749,0.236,-0.1655,1]},
{"frame":115,"values":[0.8675,0.3695,0.333,0,0.3681,-0.9272,0.0698,0,0.3345,0.062,-0.9404,0,0.8771,0.3559,-0.1995,1]},
{"frame":116,"values":[0.8965,0.359,0.2597,0,0.3288,-0.9319,0.1533,0,0.297,-0.0521,-0.9535,0,0.8795,0.4917,-0.238,1]},
{"frame":117,"values":[0.9218,0.3396,0.1868,0,0.2928,-0.926,0.2383,0,0.2539,-0.165,-0.9531,0,0.882,0.6275,-0.2765,1]},
{"frame":118,"values":[0.9408,0.3154,0.1242,0,0.2645,-0.9122,0.313,0,0.2121,-0.2616,-0.9416,0,0.8841,0.7474,-0.3105,1]},
{"frame":119,"values":[0.9529,0.2929,0.078,0,0.2453,-0.8964,0.3692,0,0.1781,-0.3326,-0.9261,0,0.8858,0.8391,-0.3365,1]},
{"frame":120,"values":[0.9594,0.2775,0.0506,0,0.2346,-0.8846,0.403,0,0.1566,-0.3748,-0.9138,0,0.8868,0.8955,-0.3524,1]},
{"frame":121,"values":[0.9614,0.2721,0.0417,0,0.2312,-0.8804,0.4141,0,0.1494,-0.3885,-0.9093,0,0.8871,0.9142,-0.3577,1]},
{"frame":122,"values":[0.9589,0.2787,0.0527,0,0.2354,-0.8856,0.4004,0,0.1583,-0.3715,-0.9149,0,0.8867,0.8911,-0.3512,1]},
{"frame":123,"values":[0.9508,0.2975,0.0867,0,0.2488,-0.8997,0.3586,0,0.1847,-0.3193,-0.9295,0,0.8855,0.8216,-0.3315,1]},
{"frame":124,"values":[0.9352,0.3236,0.1435,0,0.273,-0.9173,0.2899,0,0.2254,-0.2319,-0.9463,0,0.8834,0.7101,-0.2999,1]},
{"frame":125,"values":[0.9112,0.3491,0.2185,0,0.308,-0.9299,0.2012,0,0.2734,-0.116,-0.9549,0,0.8809,0.5682,-0.2597,1]},
{"frame":126,"values":[0.8806,0.366,0.301,0,0.3506,-0.9305,0.1059,0,0.3189,0.0122,-0.9477,0,0.8782,0.4152,-0.2163,1]},
{"frame":127,"values":[0.8485,0.3714,0.3771,0,0.3933,-0.9192,0.0205,0,0.3542,0.1309,-0.926,0,0.8756,0.2733,-0.1761,1]},
{"frame":128,"values":[0.8213,0.3687,0.4354,0,0.4284,-0.9026,-0.0436,0,0.3769,0.2223,-0.8992,0,0.8736,0.1618,-0.1445,1]},
{"frame":129,"values":[0.8037,0.3641,0.4707,0,0.4506,-0.889,-0.0816,0,0.3887,0.2777,-0.8786,0,0.8724,0.0923,-0.1248,1]},
{"frame":130,"values":[0.7977,0.3621,0.4822,0,0.4581,-0.8839,-0.094,0,0.3922,0.2958,-0.871,0,0.8719,0.0692,-0.1183,1]}],"loopBehavior":1,"name":"anim","property":"_matrix"}},
{"name":"l.knee_target","index":2,"matrix":[0.9914,0.1237,0.0436,0,-0.0506,0.0539,0.9973,0,0.121,-0.9909,0.0597,0,0.1271,-0.5553,0.7969,1],"rest":[0.9914,0.1237,0.0436,0,-0.0506,0.0539,0.9973,0,0.121,-0.9909,0.0597,0,-0.0681,-0.478,0.8088,1],"parentBoneIndex":1,"length":0.2503
,"animation":{"dataType":3,"framePerSecond":24,"keys":[
{"frame":0,"values":[0.9914,0.1237,0.0436,0,-0.0506,0.0539,0.9973,0,0.121,-0.9909,0.0597,0,-0.0681,-0.478,0.8088,1]},
{"frame":1,"values":[0.9914,0.1237,0.0436,0,-0.0506,0.0539,0.9973,0,0.121,-0.9909,0.0597,0,-0.0681,-0.478,0.8088,1]},
{"frame":11,"values":[0.9914,0.1237,0.0436,0,-0.0506,0.0539,0.9973,0,0.121,-0.9909,0.0597,0,0.2366,-1.176,0.6247,1]},
{"frame":12,"values":[0.9914,0.1237,0.0436,0,-0.0506,0.0539,0.9973,0,0.121,-0.9909,0.0597,0,0.2338,-1.1605,0.629,1]},
{"frame":13,"values":[0.9914,0.1237,0.0436,0,-0.0506,0.0539,0.9973,0,0.121,-0.9909,0.0597,0,0.2256,-1.114,0.6419,1]},
{"frame":14,"values":[0.9914,0.1237,0.0436,0,-0.0506,0.0539,0.9973,0,0.121,-0.9909,0.0597,0,0.2123,-1.0384,0.6629,1]},
{"frame":15,"values":[0.9914,0.1237,0.0436,0,-0.0506,0.0539,0.9973,0,0.121,-0.9909,0.0597,0,0.1949,-0.9395,0.6903,1]},
{"frame":16,"values":[0.9914,0.1237,0.0436,0,-0.0506,0.0539,0.9973,0,0.121,-0.9909,0.0597,0,0.1751,-0.8275,0.7214,1]},
{"frame":17,"values":[0.9914,0.1237,0.0436,0,-0.0506,0.0539,0.9973,0,0.121,-0.9909,0.0597,0,0.1554,-0.7154,0.7525,1]},
{"frame":18,"values":[0.9914,0.1237,0.0436,0,-0.0506,0.0539,0.9973,0,0.121,-0.9909,0.0597,0,0.1379,-0.6165,0.7799,1]},
{"frame":19,"values":[0.9914,0.1237,0.0436,0,-0.0506,0.0539,0.9973,0,0.121,-0.9909,0.0597,0,0.1246,-0.5409,0.8009,1]},
{"frame":20,"values":[0.9914,0.1237,0.0436,0,-0.0506,0.0539,0.9973,0,0.121,-0.9909,0.0597,0,0.1164,-0.4944,0.8138,1]},
{"frame":21,"values":[0.9914,0.1237,0.0436,0,-0.0506,0.0539,0.9973,0,0.121,-0.9909,0.0597,0,0.1137,-0.4789,0.818,1]},
{"frame":22,"values":[0.9914,0.1237,0.0436,0,-0.0506,0.0539,0.9973,0,0.121,-0.9909,0.0597,0,0.117,-0.498,0.8127,1]},
{"frame":23,"values":[0.9914,0.1237,0.0436,0,-0.0506,0.0539,0.9973,0,0.121,-0.9909,0.0597,0,0.1271,-0.5553,0.7969,1]},
{"frame":24,"values":[0.9914,0.1237,0.0436,0,-0.0506,0.0539,0.9973,0,0.121,-0.9909,0.0597,0,0.1434,-0.6473,0.7713,1]},
{"frame":25,"values":[0.9914,0.1237,0.0436,0,-0.0506,0.0539,0.9973,0,0.121,-0.9909,0.0597,0,0.164,-0.7643,0.7389,1]},
{"frame":26,"values":[0.9914,0.1237,0.0436,0,-0.0506,0.0539,0.9973,0,0.121,-0.9909,0.0597,0,0.1862,-0.8906,0.7039,1]},
{"frame":27,"values":[0.9914,0.1237,0.0436,0,-0.0506,0.0539,0.9973,0,0.121,-0.9909,0.0597,0,0.2069,-1.0076,0.6714,1]},
{"frame":28,"values":[0.9914,0.1237,0.0436,0,-0.0506,0.0539,0.9973,0,0.121,-0.9909,0.0597,0,0.2231,-1.0996,0.6459,1]},
{"frame":29,"values":[0.9914,0.1237,0.0436,0,-0.0506,0.0539,0.9973,0,0.121,-0.9909,0.0597,0,0.2332,-1.1569,0.63,1]},
{"frame":30,"values":[0.9914,0.1237,0.0436,0,-0.0506,0.0539,0.9973,0,0.121,-0.9909,0.0597,0,0.2366,-1.176,0.6247,1]},
{"frame":41,"values":[0.9914,0.1237,0.0436,0,-0.0506,0.0539,0.9973,0,0.121,-0.9909,0.0597,0,0.1271,-0.5553,0.7969,1]},
{"frame":67,"values":[0.9914,0.1237,0.0436,0,-0.0506,0.0539,0.9973,0,0.121,-0.9909,0.0597,0,0.1271,-0.5553,0.7969,1]},
{"frame":81,"values":[0.9914,0.1237,0.0436,0,-0.0506,0.0539,0.9973,0,0.121,-0.9909,0.0597,0,0.2366,-1.176,0.6247,1]},
{"frame":101,"values":[0.9914,0.1237,0.0436,0,-0.0506,0.0539,0.9973,0,0.121,-0.9909,0.0597,0,0.2366,-1.176,0.6247,1]},
{"frame":111,"values":[0.9914,0.1237,0.0436,0,-0.0506,0.0539,0.9973,0,0.121,-0.9909,0.0597,0,0.2366,-1.176,0.6247,1]},
{"frame":112,"values":[0.9914,0.1237,0.0436,0,-0.0506,0.0539,0.9973,0,0.121,-0.9909,0.0597,0,0.2338,-1.1605,0.629,1]},
{"frame":113,"values":[0.9914,0.1237,0.0436,0,-0.0506,0.0539,0.9973,0,0.121,-0.9909,0.0597,0,0.2256,-1.114,0.6419,1]},
{"frame":114,"values":[0.9914,0.1237,0.0436,0,-0.0506,0.0539,0.9973,0,0.121,-0.9909,0.0597,0,0.2123,-1.0384,0.6629,1]},
{"frame":115,"values":[0.9914,0.1237,0.0436,0,-0.0506,0.0539,0.9973,0,0.121,-0.9909,0.0597,0,0.1949,-0.9395,0.6903,1]},
{"frame":116,"values":[0.9914,0.1237,0.0436,0,-0.0506,0.0539,0.9973,0,0.121,-0.9909,0.0597,0,0.1751,-0.8275,0.7214,1]},
{"frame":117,"values":[0.9914,0.1237,0.0436,0,-0.0506,0.0539,0.9973,0,0.121,-0.9909,0.0597,0,0.1554,-0.7154,0.7525,1]},
{"frame":118,"values":[0.9914,0.1237,0.0436,0,-0.0506,0.0539,0.9973,0,0.121,-0.9909,0.0597,0,0.1379,-0.6165,0.7799,1]},
{"frame":119,"values":[0.9914,0.1237,0.0436,0,-0.0506,0.0539,0.9973,0,0.121,-0.9909,0.0597,0,0.1246,-0.5409,0.8009,1]},
{"frame":120,"values":[0.9914,0.1237,0.0436,0,-0.0506,0.0539,0.9973,0,0.121,-0.9909,0.0597,0,0.1164,-0.4944,0.8138,1]},
{"frame":121,"values":[0.9914,0.1237,0.0436,0,-0.0506,0.0539,0.9973,0,0.121,-0.9909,0.0597,0,0.1137,-0.4789,0.818,1]},
{"frame":122,"values":[0.9914,0.1237,0.0436,0,-0.0506,0.0539,0.9973,0,0.121,-0.9909,0.0597,0,0.117,-0.498,0.8127,1]},
{"frame":123,"values":[0.9914,0.1237,0.0436,0,-0.0506,0.0539,0.9973,0,0.121,-0.9909,0.0597,0,0.1271,-0.5553,0.7969,1]},
{"frame":124,"values":[0.9914,0.1237,0.0436,0,-0.0506,0.0539,0.9973,0,0.121,-0.9909,0.0597,0,0.1434,-0.6473,0.7713,1]},
{"frame":125,"values":[0.9914,0.1237,0.0436,0,-0.0506,0.0539,0.9973,0,0.121,-0.9909,0.0597,0,0.164,-0.7643,0.7389,1]},
{"frame":126,"values":[0.9914,0.1237,0.0436,0,-0.0506,0.0539,0.9973,0,0.121,-0.9909,0.0597,0,0.1862,-0.8906,0.7039,1]},
{"frame":127,"values":[0.9914,0.1237,0.0436,0,-0.0506,0.0539,0.9973,0,0.121,-0.9909,0.0597,0,0.2069,-1.0076,0.6714,1]},
{"frame":128,"values":[0.9914,0.1237,0.0436,0,-0.0506,0.0539,0.9973,0,0.121,-0.9909,0.0597,0,0.2231,-1.0996,0.6459,1]},
{"frame":129,"values":[0.9914,0.1237,0.0436,0,-0.0506,0.0539,0.9973,0,0.121,-0.9909,0.0597,0,0.2332,-1.1569,0.63,1]},
{"frame":130,"values":[0.9914,0.1237,0.0436,0,-0.0506,0.0539,0.9973,0,0.121,-0.9909,0.0597,0,0.2366,-1.176,0.6247,1]}],"loopBehavior":1,"name":"anim","property":"_matrix"}},
{"name":"Bone.026","index":3,"matrix":[-0.7727,0.2342,0.59,0,-0.2101,-0.9714,0.1104,0,0.599,-0.0386,0.7998,0,0.0208,-0.005,-0.0594,1],"rest":[-0.7727,0.2342,0.59,0,-0.2101,-0.9714,0.1104,0,0.599,-0.0386,0.7998,0,0.0208,-0.005,-0.0594,1],"parentBoneIndex":1,"length":0.1799
,"animation":{"dataType":3,"framePerSecond":24,"keys":[
{"frame":0,"values":[-0.7727,0.2342,0.59,0,-0.2101,-0.9714,0.1104,0,0.599,-0.0386,0.7998,0,0.0208,-0.005,-0.0594,1]},
{"frame":1,"values":[-0.7727,0.2342,0.59,0,-0.2101,-0.9714,0.1104,0,0.599,-0.0386,0.7998,0,0.0208,-0.005,-0.0594,1]},
{"frame":11,"values":[-0.7727,0.2342,0.59,0,-0.2101,-0.9714,0.1104,0,0.599,-0.0386,0.7998,0,0.0208,-0.005,-0.0594,1]},
{"frame":30,"values":[-0.7727,0.2342,0.59,0,-0.2101,-0.9714,0.1104,0,0.599,-0.0386,0.7998,0,0.0208,-0.005,-0.0594,1]},
{"frame":41,"values":[-0.7727,0.2342,0.59,0,-0.2101,-0.9714,0.1104,0,0.599,-0.0386,0.7998,0,0.0208,-0.005,-0.0594,1]},
{"frame":67,"values":[-0.7727,0.2342,0.59,0,-0.2101,-0.9714,0.1104,0,0.599,-0.0386,0.7998,0,0.0208,-0.005,-0.0594,1]},
{"frame":81,"values":[-0.7727,0.2342,0.59,0,-0.2101,-0.9714,0.1104,0,0.599,-0.0386,0.7998,0,0.0208,-0.005,-0.0594,1]},
{"frame":101,"values":[-0.7727,0.2342,0.59,0,-0.2101,-0.9714,0.1104,0,0.599,-0.0386,0.7998,0,0.0208,-0.005,-0.0594,1]},
{"frame":111,"values":[-0.7727,0.2342,0.59,0,-0.2101,-0.9714,0.1104,0,0.599,-0.0386,0.7998,0,0.0208,-0.005,-0.0594,1]},
{"frame":130,"values":[-0.7727,0.2342,0.59,0,-0.2101,-0.9714,0.1104,0,0.599,-0.0386,0.7998,0,0.0208,-0.005,-0.0594,1]}],"loopBehavior":1,"name":"anim","property":"_matrix"}},
{"name":"Bone.029","index":4,"matrix":[0.825,0.4809,-0.2968,0,-0.5041,0.8636,-0.0023,0,0.2552,0.1515,0.9549,0,0,0.1799,0,1],"rest":[0.825,0.4808,-0.2968,0,-0.5041,0.8636,-0.0023,0,0.2552,0.1515,0.9549,0,0,0.1799,0,1],"parentBoneIndex":3,"length":0.2168
,"animation":{"dataType":3,"framePerSecond":24,"keys":[
{"frame":0,"values":[0.825,0.4809,-0.2968,0,-0.5041,0.8636,-0.0023,0,0.2552,0.1515,0.9549,0,0,0.1799,0,1]},
{"frame":1,"values":[0.825,0.4809,-0.2968,0,-0.5041,0.8636,-0.0023,0,0.2552,0.1515,0.9549,0,0,0.1799,0,1]},
{"frame":11,"values":[0.825,0.4809,-0.2968,0,-0.5041,0.8636,-0.0023,0,0.2552,0.1515,0.9549,0,0,0.1799,0,1]},
{"frame":30,"values":[0.825,0.4809,-0.2968,0,-0.5041,0.8636,-0.0023,0,0.2552,0.1515,0.9549,0,0,0.1799,0,1]},
{"frame":41,"values":[0.825,0.4809,-0.2968,0,-0.5041,0.8636,-0.0023,0,0.2552,0.1515,0.9549,0,0,0.1799,0,1]},
{"frame":67,"values":[0.825,0.4809,-0.2968,0,-0.5041,0.8636,-0.0023,0,0.2552,0.1515,0.9549,0,0,0.1799,0,1]},
{"frame":81,"values":[0.825,0.4809,-0.2968,0,-0.5041,0.8636,-0.0023,0,0.2552,0.1515,0.9549,0,0,0.1799,0,1]},
{"frame":101,"values":[0.825,0.4809,-0.2968,0,-0.5041,0.8636,-0.0023,0,0.2552,0.1515,0.9549,0,0,0.1799,0,1]},
{"frame":111,"values":[0.825,0.4809,-0.2968,0,-0.5041,0.8636,-0.0023,0,0.2552,0.1515,0.9549,0,0,0.1799,0,1]},
{"frame":130,"values":[0.825,0.4809,-0.2968,0,-0.5041,0.8636,-0.0023,0,0.2552,0.1515,0.9549,0,0,0.1799,0,1]}],"loopBehavior":1,"name":"anim","property":"_matrix"}},
{"name":"Bone.027","index":5,"matrix":[-0.7574,-0.6485,0.0761,0,0.6528,-0.7497,0.1086,0,-0.0133,0.132,0.9912,0,0,0,0,1],"rest":[-0.7574,-0.6485,0.0762,0,0.6528,-0.7497,0.1086,0,-0.0133,0.132,0.9912,0,0,0,0,1],"parentBoneIndex":1,"length":0.1699
,"animation":{"dataType":3,"framePerSecond":24,"keys":[
{"frame":0,"values":[-0.7574,-0.6485,0.0761,0,0.6528,-0.7497,0.1086,0,-0.0133,0.132,0.9912,0,0,0,0,1]},
{"frame":1,"values":[-0.7574,-0.6485,0.0761,0,0.6528,-0.7497,0.1086,0,-0.0133,0.132,0.9912,0,0,0,0,1]},
{"frame":11,"values":[-0.7574,-0.6485,0.0761,0,0.6528,-0.7497,0.1086,0,-0.0133,0.132,0.9912,0,0,0,0,1]},
{"frame":30,"values":[-0.7574,-0.6485,0.0761,0,0.6528,-0.7497,0.1086,0,-0.0133,0.132,0.9912,0,0,0,0,1]},
{"frame":41,"values":[-0.7574,-0.6485,0.0761,0,0.6528,-0.7497,0.1086,0,-0.0133,0.132,0.9912,0,0,0,0,1]},
{"frame":67,"values":[-0.7574,-0.6485,0.0761,0,0.6528,-0.7497,0.1086,0,-0.0133,0.132,0.9912,0,0,0,0,1]},
{"frame":81,"values":[-0.7574,-0.6485,0.0761,0,0.6528,-0.7497,0.1086,0,-0.0133,0.132,0.9912,0,0,0,0,1]},
{"frame":101,"values":[-0.7574,-0.6485,0.0761,0,0.6528,-0.7497,0.1086,0,-0.0133,0.132,0.9912,0,0,0,0,1]},
{"frame":111,"values":[-0.7574,-0.6485,0.0761,0,0.6528,-0.7497,0.1086,0,-0.0133,0.132,0.9912,0,0,0,0,1]},
{"frame":130,"values":[-0.7574,-0.6485,0.0761,0,0.6528,-0.7497,0.1086,0,-0.0133,0.132,0.9912,0,0,0,0,1]}],"loopBehavior":1,"name":"anim","property":"_matrix"}},
{"name":"Bone.030","index":6,"matrix":[0.9821,-0.1722,0.0758,0,0.1877,0.9226,-0.3369,0,-0.0119,0.3451,0.9385,0,0,0.1699,0,1],"rest":[0.9821,-0.1722,0.0758,0,0.1877,0.9226,-0.3369,0,-0.0119,0.3451,0.9385,0,0,0.1699,0,1],"parentBoneIndex":5,"length":0.2751
,"animation":{"dataType":3,"framePerSecond":24,"keys":[
{"frame":0,"values":[0.9821,-0.1722,0.0758,0,0.1877,0.9226,-0.3369,0,-0.0119,0.3451,0.9385,0,0,0.1699,0,1]},
{"frame":1,"values":[0.9821,-0.1722,0.0758,0,0.1877,0.9226,-0.3369,0,-0.0119,0.3451,0.9385,0,0,0.1699,0,1]},
{"frame":11,"values":[0.9821,-0.1722,0.0758,0,0.1877,0.9226,-0.3369,0,-0.0119,0.3451,0.9385,0,0,0.1699,0,1]},
{"frame":30,"values":[0.9821,-0.1722,0.0758,0,0.1877,0.9226,-0.3369,0,-0.0119,0.3451,0.9385,0,0,0.1699,0,1]},
{"frame":41,"values":[0.9821,-0.1722,0.0758,0,0.1877,0.9226,-0.3369,0,-0.0119,0.3451,0.9385,0,0,0.1699,0,1]},
{"frame":67,"values":[0.9821,-0.1722,0.0758,0,0.1877,0.9226,-0.3369,0,-0.0119,0.3451,0.9385,0,0,0.1699,0,1]},
{"frame":81,"values":[0.9821,-0.1722,0.0758,0,0.1877,0.9226,-0.3369,0,-0.0119,0.3451,0.9385,0,0,0.1699,0,1]},
{"frame":101,"values":[0.9821,-0.1722,0.0758,0,0.1877,0.9226,-0.3369,0,-0.0119,0.3451,0.9385,0,0,0.1699,0,1]},
{"frame":111,"values":[0.9821,-0.1722,0.0758,0,0.1877,0.9226,-0.3369,0,-0.0119,0.3451,0.9385,0,0,0.1699,0,1]},
{"frame":130,"values":[0.9821,-0.1722,0.0758,0,0.1877,0.9226,-0.3369,0,-0.0119,0.3451,0.9385,0,0,0.1699,0,1]}],"loopBehavior":1,"name":"anim","property":"_matrix"}},
{"name":"Bone.028","index":7,"matrix":[-0.0152,-0.8883,-0.459,0,0.9832,-0.0967,0.1546,0,-0.1818,-0.4489,0.8749,0,0.0208,-0.005,-0.0594,1],"rest":[-0.0152,-0.8883,-0.459,0,0.9832,-0.0967,0.1546,0,-0.1818,-0.4489,0.8749,0,0.0208,-0.005,-0.0594,1],"parentBoneIndex":1,"length":0.2522
,"animation":{"dataType":3,"framePerSecond":24,"keys":[
{"frame":0,"values":[-0.0152,-0.8883,-0.459,0,0.9832,-0.0967,0.1546,0,-0.1818,-0.4489,0.8749,0,0.0208,-0.005,-0.0594,1]},
{"frame":1,"values":[-0.0152,-0.8883,-0.459,0,0.9832,-0.0967,0.1546,0,-0.1818,-0.4489,0.8749,0,0.0208,-0.005,-0.0594,1]},
{"frame":11,"values":[-0.0152,-0.8883,-0.459,0,0.9832,-0.0967,0.1546,0,-0.1818,-0.4489,0.8749,0,0.0208,-0.005,-0.0594,1]},
{"frame":30,"values":[-0.0152,-0.8883,-0.459,0,0.9832,-0.0967,0.1546,0,-0.1818,-0.4489,0.8749,0,0.0208,-0.005,-0.0594,1]},
{"frame":41,"values":[-0.0152,-0.8883,-0.459,0,0.9832,-0.0967,0.1546,0,-0.1818,-0.4489,0.8749,0,0.0208,-0.005,-0.0594,1]},
{"frame":67,"values":[-0.0152,-0.8883,-0.459,0,0.9832,-0.0967,0.1546,0,-0.1818,-0.4489,0.8749,0,0.0208,-0.005,-0.0594,1]},
{"frame":81,"values":[-0.0152,-0.8883,-0.459,0,0.9832,-0.0967,0.1546,0,-0.1818,-0.4489,0.8749,0,0.0208,-0.005,-0.0594,1]},
{"frame":101,"values":[-0.0152,-0.8883,-0.459,0,0.9832,-0.0967,0.1546,0,-0.1818,-0.4489,0.8749,0,0.0208,-0.005,-0.0594,1]},
{"frame":111,"values":[-0.0152,-0.8883,-0.459,0,0.9832,-0.0967,0.1546,0,-0.1818,-0.4489,0.8749,0,0.0208,-0.005,-0.0594,1]},
{"frame":130,"values":[-0.0152,-0.8883,-0.459,0,0.9832,-0.0967,0.1546,0,-0.1818,-0.4489,0.8749,0,0.0208,-0.005,-0.0594,1]}],"loopBehavior":1,"name":"anim","property":"_matrix"}},
{"name":"Bone.031","index":8,"matrix":[0.6044,-0.781,0.1574,0,0.7961,0.5999,-0.0803,0,-0.0317,0.1738,0.9843,0,0,0.2522,0,1],"rest":[0.6044,-0.781,0.1574,0,0.7961,0.5999,-0.0803,0,-0.0317,0.1738,0.9843,0,0,0.2522,0,1],"parentBoneIndex":7,"length":0.2479
,"animation":{"dataType":3,"framePerSecond":24,"keys":[
{"frame":0,"values":[0.6044,-0.781,0.1574,0,0.7961,0.5999,-0.0803,0,-0.0317,0.1738,0.9843,0,0,0.2522,0,1]},
{"frame":1,"values":[0.6044,-0.781,0.1574,0,0.7961,0.5999,-0.0803,0,-0.0317,0.1738,0.9843,0,0,0.2522,0,1]},
{"frame":11,"values":[0.6044,-0.781,0.1574,0,0.7961,0.5999,-0.0803,0,-0.0317,0.1738,0.9843,0,0,0.2522,0,1]},
{"frame":30,"values":[0.6044,-0.781,0.1574,0,0.7961,0.5999,-0.0803,0,-0.0317,0.1738,0.9843,0,0,0.2522,0,1]},
{"frame":41,"values":[0.6044,-0.781,0.1574,0,0.7961,0.5999,-0.0803,0,-0.0317,0.1738,0.9843,0,0,0.2522,0,1]},
{"frame":67,"values":[0.6044,-0.781,0.1574,0,0.7961,0.5999,-0.0803,0,-0.0317,0.1738,0.9843,0,0,0.2522,0,1]},
{"frame":81,"values":[0.6044,-0.781,0.1574,0,0.7961,0.5999,-0.0803,0,-0.0317,0.1738,0.9843,0,0,0.2522,0,1]},
{"frame":101,"values":[0.6044,-0.781,0.1574,0,0.7961,0.5999,-0.0803,0,-0.0317,0.1738,0.9843,0,0,0.2522,0,1]},
{"frame":111,"values":[0.6044,-0.781,0.1574,0,0.7961,0.5999,-0.0803,0,-0.0317,0.1738,0.9843,0,0,0.2522,0,1]},
{"frame":130,"values":[0.6044,-0.781,0.1574,0,0.7961,0.5999,-0.0803,0,-0.0317,0.1738,0.9843,0,0,0.2522,0,1]}],"loopBehavior":1,"name":"anim","property":"_matrix"}},
{"name":"Bone.056","index":9,"matrix":[0.9937,0.0938,0.0608,0,0.1089,-0.9349,-0.3377,0,0.0252,0.3422,-0.9393,0,-0.7147,0.1232,-0.2877,1],"rest":[0.9824,0.0069,0.1867,0,0.0192,-0.9977,-0.0644,0,0.1858,0.0669,-0.9803,0,-0.7775,0.2985,-0.241,1],"parentBoneIndex":0,"length":0.417
,"animation":{"dataType":3,"framePerSecond":24,"keys":[
{"frame":0,"values":[0.9824,0.0069,0.1867,0,0.0192,-0.9977,-0.0644,0,0.1858,0.0669,-0.9803,0,-0.7775,0.2985,-0.241,1]},
{"frame":1,"values":[0.9824,0.0069,0.1867,0,0.0192,-0.9977,-0.0644,0,0.1858,0.0669,-0.9803,0,-0.7775,0.2985,-0.241,1]},
{"frame":11,"values":[0.963,-0.1578,0.2185,0,-0.1791,-0.9805,0.0813,0,0.2014,-0.1174,-0.9725,0,-0.6592,0.8195,-0.4837,1]},
{"frame":12,"values":[0.9649,-0.1527,0.2135,0,-0.1713,-0.9826,0.0715,0,0.1988,-0.1056,-0.9743,0,-0.6606,0.8022,-0.4788,1]},
{"frame":13,"values":[0.9705,-0.1369,0.1986,0,-0.1479,-0.9881,0.0417,0,0.1905,-0.0699,-0.9792,0,-0.6647,0.75,-0.4641,1]},
{"frame":14,"values":[0.9784,-0.1098,0.1753,0,-0.1102,-0.9939,-0.0079,0,0.1751,-0.0116,-0.9845,0,-0.6715,0.6652,-0.4402,1]},
{"frame":15,"values":[0.9866,-0.0719,0.1466,0,-0.0615,-0.9953,-0.0744,0,0.1513,0.0644,-0.9864,0,-0.6804,0.5542,-0.409,1]},
{"frame":16,"values":[0.9928,-0.0261,0.117,0,-0.0082,-0.9885,-0.1513,0,0.1196,0.1493,-0.9815,0,-0.6904,0.4285,-0.3736,1]},
{"frame":17,"values":[0.9956,0.0221,0.0911,0,0.0425,-0.9726,-0.2287,0,0.0835,0.2315,-0.9692,0,-0.7004,0.3028,-0.3382,1]},
{"frame":18,"values":[0.9953,0.0662,0.0714,0,0.0845,-0.9513,-0.2964,0,0.0483,0.301,-0.9524,0,-0.7092,0.1918,-0.307,1]},
{"frame":19,"values":[0.9932,0.1004,0.0585,0,0.1145,-0.9307,-0.3473,0,0.0196,0.3517,-0.9359,0,-0.716,0.107,-0.2831,1]},
{"frame":20,"values":[0.9912,0.1215,0.0515,0,0.132,-0.9163,-0.3781,0,0.0013,0.3816,-0.9243,0,-0.7202,0.0548,-0.2684,1]},
{"frame":21,"values":[0.9905,0.1286,0.0494,0,0.1377,-0.9112,-0.3883,0,-0.0049,0.3914,-0.9202,0,-0.7215,0.0375,-0.2635,1]},
{"frame":22,"values":[0.9914,0.1199,0.0521,0,0.1307,-0.9175,-0.3757,0,0.0027,0.3793,-0.9253,0,-0.7198,0.0589,-0.2696,1]},
{"frame":23,"values":[0.9937,0.0938,0.0608,0,0.1089,-0.9349,-0.3377,0,0.0252,0.3422,-0.9393,0,-0.7147,0.1232,-0.2877,1]},
{"frame":24,"values":[0.9956,0.0523,0.0772,0,0.0717,-0.9586,-0.2754,0,0.0595,0.2798,-0.9582,0,-0.7065,0.2264,-0.3167,1]},
{"frame":25,"values":[0.9948,0.0008,0.1019,0,0.0208,-0.9806,-0.1949,0,0.0998,0.196,-0.9755,0,-0.696,0.3577,-0.3537,1]},
{"frame":26,"values":[0.9897,-0.0523,0.1333,0,-0.0379,-0.9934,-0.1079,0,0.138,0.1017,-0.9852,0,-0.6847,0.4993,-0.3935,1]},
{"frame":27,"values":[0.9812,-0.0983,0.1661,0,-0.0949,-0.9951,-0.0284,0,0.1681,0.0121,-0.9857,0,-0.6743,0.6306,-0.4305,1]},
{"frame":28,"values":[0.9721,-0.1319,0.1941,0,-0.1407,-0.9895,0.0324,0,0.1878,-0.0588,-0.9805,0,-0.666,0.7338,-0.4596,1]},
{"frame":29,"values":[0.9654,-0.1515,0.2123,0,-0.1695,-0.9831,0.0692,0,0.1982,-0.1028,-0.9748,0,-0.6609,0.7981,-0.4776,1]},
{"frame":30,"values":[0.963,-0.1578,0.2185,0,-0.1791,-0.9805,0.0813,0,0.2014,-0.1174,-0.9725,0,-0.6592,0.8195,-0.4837,1]},
{"frame":41,"values":[0.9937,0.0938,0.0608,0,0.1089,-0.9349,-0.3377,0,0.0252,0.3422,-0.9393,0,-0.7147,0.1232,-0.2877,1]},
{"frame":67,"values":[0.9937,0.0938,0.0608,0,0.1089,-0.9349,-0.3377,0,0.0252,0.3422,-0.9393,0,-0.7147,0.1232,-0.2877,1]},
{"frame":81,"values":[0.9956,-0.0852,0.0394,0,-0.0878,-0.9937,0.0697,0,0.0332,-0.0729,-0.9968,0,-0.6959,0.1831,-0.2164,1]},
{"frame":101,"values":[0.9956,-0.0852,0.0394,0,-0.0878,-0.9937,0.0697,0,0.0332,-0.0729,-0.9968,0,-0.6959,0.1831,-0.2164,1]},
{"frame":111,"values":[0.963,-0.1578,0.2185,0,-0.1791,-0.9805,0.0813,0,0.2014,-0.1174,-0.9725,0,-0.6592,0.8195,-0.4837,1]},
{"frame":112,"values":[0.9649,-0.1527,0.2135,0,-0.1713,-0.9826,0.0715,0,0.1988,-0.1056,-0.9743,0,-0.6606,0.8022,-0.4788,1]},
{"frame":113,"values":[0.9705,-0.1369,0.1986,0,-0.1479,-0.9881,0.0417,0,0.1905,-0.0699,-0.9792,0,-0.6647,0.75,-0.4641,1]},
{"frame":114,"values":[0.9784,-0.1098,0.1753,0,-0.1102,-0.9939,-0.0079,0,0.1751,-0.0116,-0.9845,0,-0.6715,0.6652,-0.4402,1]},
{"frame":115,"values":[0.9866,-0.0719,0.1466,0,-0.0615,-0.9953,-0.0744,0,0.1513,0.0644,-0.9864,0,-0.6804,0.5542,-0.409,1]},
{"frame":116,"values":[0.9928,-0.0261,0.117,0,-0.0082,-0.9885,-0.1513,0,0.1196,0.1493,-0.9815,0,-0.6904,0.4285,-0.3736,1]},
{"frame":117,"values":[0.9956,0.0221,0.0911,0,0.0425,-0.9726,-0.2287,0,0.0835,0.2315,-0.9692,0,-0.7004,0.3028,-0.3382,1]},
{"frame":118,"values":[0.9953,0.0662,0.0714,0,0.0845,-0.9513,-0.2964,0,0.0483,0.301,-0.9524,0,-0.7092,0.1918,-0.307,1]},
{"frame":119,"values":[0.9932,0.1004,0.0585,0,0.1145,-0.9307,-0.3473,0,0.0196,0.3517,-0.9359,0,-0.716,0.107,-0.2831,1]},
{"frame":120,"values":[0.9912,0.1215,0.0515,0,0.132,-0.9163,-0.3781,0,0.0013,0.3816,-0.9243,0,-0.7202,0.0548,-0.2684,1]},
{"frame":121,"values":[0.9905,0.1286,0.0494,0,0.1377,-0.9112,-0.3883,0,-0.0049,0.3914,-0.9202,0,-0.7215,0.0375,-0.2635,1]},
{"frame":122,"values":[0.9914,0.1199,0.0521,0,0.1307,-0.9175,-0.3757,0,0.0027,0.3793,-0.9253,0,-0.7198,0.0589,-0.2696,1]},
{"frame":123,"values":[0.9937,0.0938,0.0608,0,0.1089,-0.9349,-0.3377,0,0.0252,0.3422,-0.9393,0,-0.7147,0.1232,-0.2877,1]},
{"frame":124,"values":[0.9956,0.0523,0.0772,0,0.0717,-0.9586,-0.2754,0,0.0595,0.2798,-0.9582,0,-0.7065,0.2264,-0.3167,1]},
{"frame":125,"values":[0.9948,0.0008,0.1019,0,0.0208,-0.9806,-0.1949,0,0.0998,0.196,-0.9755,0,-0.696,0.3577,-0.3537,1]},
{"frame":126,"values":[0.9897,-0.0523,0.1333,0,-0.0379,-0.9934,-0.1079,0,0.138,0.1017,-0.9852,0,-0.6847,0.4993,-0.3935,1]},
{"frame":127,"values":[0.9812,-0.0983,0.1661,0,-0.0949,-0.9951,-0.0284,0,0.1681,0.0121,-0.9857,0,-0.6743,0.6306,-0.4305,1]},
{"frame":128,"values":[0.9721,-0.1319,0.1941,0,-0.1407,-0.9895,0.0324,0,0.1878,-0.0588,-0.9805,0,-0.666,0.7338,-0.4596,1]},
{"frame":129,"values":[0.9654,-0.1515,0.2123,0,-0.1695,-0.9831,0.0692,0,0.1982,-0.1028,-0.9748,0,-0.6609,0.7981,-0.4776,1]},
{"frame":130,"values":[0.963,-0.1578,0.2185,0,-0.1791,-0.9805,0.0813,0,0.2014,-0.1174,-0.9725,0,-0.6592,0.8195,-0.4837,1]}],"loopBehavior":1,"name":"anim","property":"_matrix"}},
{"name":"Bone.035","index":10,"matrix":[-0.2053,0.9699,0.1313,0,-0.9413,-0.2324,0.2447,0,0.2678,-0.0734,0.9607,0,0,0,0,1],"rest":[-0.2053,0.9699,0.1313,0,-0.9413,-0.2323,0.2447,0,0.2678,-0.0734,0.9607,0,0,0,0,1],"parentBoneIndex":9,"length":0.1418
,"animation":{"dataType":3,"framePerSecond":24,"keys":[
{"frame":0,"values":[-0.2053,0.9699,0.1313,0,-0.9413,-0.2324,0.2447,0,0.2678,-0.0734,0.9607,0,0,0,0,1]},
{"frame":1,"values":[-0.2053,0.9699,0.1313,0,-0.9413,-0.2324,0.2447,0,0.2678,-0.0734,0.9607,0,0,0,0,1]},
{"frame":11,"values":[-0.2053,0.9699,0.1313,0,-0.9413,-0.2324,0.2447,0,0.2678,-0.0734,0.9607,0,0,0,0,1]},
{"frame":30,"values":[-0.2053,0.9699,0.1313,0,-0.9413,-0.2324,0.2447,0,0.2678,-0.0734,0.9607,0,0,0,0,1]},
{"frame":41,"values":[-0.2053,0.9699,0.1313,0,-0.9413,-0.2324,0.2447,0,0.2678,-0.0734,0.9607,0,0,0,0,1]},
{"frame":67,"values":[-0.2053,0.9699,0.1313,0,-0.9413,-0.2324,0.2447,0,0.2678,-0.0734,0.9607,0,0,0,0,1]},
{"frame":81,"values":[-0.2053,0.9699,0.1313,0,-0.9413,-0.2324,0.2447,0,0.2678,-0.0734,0.9607,0,0,0,0,1]},
{"frame":101,"values":[-0.2053,0.9699,0.1313,0,-0.9413,-0.2324,0.2447,0,0.2678,-0.0734,0.9607,0,0,0,0,1]},
{"frame":111,"values":[-0.2053,0.9699,0.1313,0,-0.9413,-0.2324,0.2447,0,0.2678,-0.0734,0.9607,0,0,0,0,1]},
{"frame":130,"values":[-0.2053,0.9699,0.1313,0,-0.9413,-0.2324,0.2447,0,0.2678,-0.0734,0.9607,0,0,0,0,1]}],"loopBehavior":1,"name":"anim","property":"_matrix"}},
{"name":"Bone.038","index":11,"matrix":[0.6575,0.5946,-0.4628,0,-0.7332,0.6464,-0.2111,0,0.1736,0.4781,0.861,0,0,0.1418,0,1],"rest":[0.6575,0.5946,-0.4628,0,-0.7332,0.6464,-0.2111,0,0.1736,0.4781,0.861,0,0,0.1418,0,1],"parentBoneIndex":10,"length":0.2715
,"animation":{"dataType":3,"framePerSecond":24,"keys":[
{"frame":0,"values":[0.6575,0.5946,-0.4628,0,-0.7332,0.6464,-0.2111,0,0.1736,0.4781,0.861,0,0,0.1418,0,1]},
{"frame":1,"values":[0.6575,0.5946,-0.4628,0,-0.7332,0.6464,-0.2111,0,0.1736,0.4781,0.861,0,0,0.1418,0,1]},
{"frame":11,"values":[0.6575,0.5946,-0.4628,0,-0.7332,0.6464,-0.2111,0,0.1736,0.4781,0.861,0,0,0.1418,0,1]},
{"frame":30,"values":[0.6575,0.5946,-0.4628,0,-0.7332,0.6464,-0.2111,0,0.1736,0.4781,0.861,0,0,0.1418,0,1]},
{"frame":41,"values":[0.6575,0.5946,-0.4628,0,-0.7332,0.6464,-0.2111,0,0.1736,0.4781,0.861,0,0,0.1418,0,1]},
{"frame":67,"values":[0.6575,0.5946,-0.4628,0,-0.7332,0.6464,-0.2111,0,0.1736,0.4781,0.861,0,0,0.1418,0,1]},
{"frame":81,"values":[0.6575,0.5946,-0.4628,0,-0.7332,0.6464,-0.2111,0,0.1736,0.4781,0.861,0,0,0.1418,0,1]},
{"frame":101,"values":[0.6575,0.5946,-0.4628,0,-0.7332,0.6464,-0.2111,0,0.1736,0.4781,0.861,0,0,0.1418,0,1]},
{"frame":111,"values":[0.6575,0.5946,-0.4628,0,-0.7332,0.6464,-0.2111,0,0.1736,0.4781,0.861,0,0,0.1418,0,1]},
{"frame":130,"values":[0.6575,0.5946,-0.4628,0,-0.7332,0.6464,-0.2111,0,0.1736,0.4781,0.861,0,0,0.1418,0,1]}],"loopBehavior":1,"name":"anim","property":"_matrix"}},
{"name":"Bone.036","index":12,"matrix":[-0.9693,0.2435,0.0327,0,-0.2455,-0.9658,-0.0834,0,0.0113,-0.0889,0.996,0,0,0,0,1],"rest":[-0.9693,0.2435,0.0328,0,-0.2455,-0.9658,-0.0834,0,0.0113,-0.0889,0.996,0,0,0,0,1],"parentBoneIndex":9,"length":0.1632
,"animation":{"dataType":3,"framePerSecond":24,"keys":[
{"frame":0,"values":[-0.9693,0.2435,0.0327,0,-0.2455,-0.9658,-0.0834,0,0.0113,-0.0889,0.996,0,0,0,0,1]},
{"frame":1,"values":[-0.9693,0.2435,0.0327,0,-0.2455,-0.9658,-0.0834,0,0.0113,-0.0889,0.996,0,0,0,0,1]},
{"frame":11,"values":[-0.9693,0.2435,0.0327,0,-0.2455,-0.9658,-0.0834,0,0.0113,-0.0889,0.996,0,0,0,0,1]},
{"frame":30,"values":[-0.9693,0.2435,0.0327,0,-0.2455,-0.9658,-0.0834,0,0.0113,-0.0889,0.996,0,0,0,0,1]},
{"frame":41,"values":[-0.9693,0.2435,0.0327,0,-0.2455,-0.9658,-0.0834,0,0.0113,-0.0889,0.996,0,0,0,0,1]},
{"frame":67,"values":[-0.9693,0.2435,0.0327,0,-0.2455,-0.9658,-0.0834,0,0.0113,-0.0889,0.996,0,0,0,0,1]},
{"frame":81,"values":[-0.9693,0.2435,0.0327,0,-0.2455,-0.9658,-0.0834,0,0.0113,-0.0889,0.996,0,0,0,0,1]},
{"frame":101,"values":[-0.9693,0.2435,0.0327,0,-0.2455,-0.9658,-0.0834,0,0.0113,-0.0889,0.996,0,0,0,0,1]},
{"frame":111,"values":[-0.9693,0.2435,0.0327,0,-0.2455,-0.9658,-0.0834,0,0.0113,-0.0889,0.996,0,0,0,0,1]},
{"frame":130,"values":[-0.9693,0.2435,0.0327,0,-0.2455,-0.9658,-0.0834,0,0.0113,-0.0889,0.996,0,0,0,0,1]}],"loopBehavior":1,"name":"anim","property":"_matrix"}},
{"name":"Bone.039","index":13,"matrix":[0.7477,-0.2292,0.6232,0,0.2355,0.9691,0.0738,0,-0.6209,0.0915,0.7786,0,0,0.1632,0,1],"rest":[0.7477,-0.2292,0.6232,0,0.2355,0.9691,0.0738,0,-0.6209,0.0915,0.7786,0,0,0.1632,0,1],"parentBoneIndex":12,"length":0.2859
,"animation":{"dataType":3,"framePerSecond":24,"keys":[
{"frame":0,"values":[0.7477,-0.2292,0.6232,0,0.2355,0.9691,0.0738,0,-0.6209,0.0915,0.7786,0,0,0.1632,0,1]},
{"frame":1,"values":[0.7477,-0.2292,0.6232,0,0.2355,0.9691,0.0738,0,-0.6209,0.0915,0.7786,0,0,0.1632,0,1]},
{"frame":11,"values":[0.7477,-0.2292,0.6232,0,0.2355,0.9691,0.0738,0,-0.6209,0.0915,0.7786,0,0,0.1632,0,1]},
{"frame":30,"values":[0.7477,-0.2292,0.6232,0,0.2355,0.9691,0.0738,0,-0.6209,0.0915,0.7786,0,0,0.1632,0,1]},
{"frame":41,"values":[0.7477,-0.2292,0.6232,0,0.2355,0.9691,0.0738,0,-0.6209,0.0915,0.7786,0,0,0.1632,0,1]},
{"frame":67,"values":[0.7477,-0.2292,0.6232,0,0.2355,0.9691,0.0738,0,-0.6209,0.0915,0.7786,0,0,0.1632,0,1]},
{"frame":81,"values":[0.7477,-0.2292,0.6232,0,0.2355,0.9691,0.0738,0,-0.6209,0.0915,0.7786,0,0,0.1632,0,1]},
{"frame":101,"values":[0.7477,-0.2292,0.6232,0,0.2355,0.9691,0.0738,0,-0.6209,0.0915,0.7786,0,0,0.1632,0,1]},
{"frame":111,"values":[0.7477,-0.2292,0.6232,0,0.2355,0.9691,0.0738,0,-0.6209,0.0915,0.7786,0,0,0.1632,0,1]},
{"frame":130,"values":[0.7477,-0.2292,0.6232,0,0.2355,0.9691,0.0738,0,-0.6209,0.0915,0.7786,0,0,0.1632,0,1]}],"loopBehavior":1,"name":"anim","property":"_matrix"}},
{"name":"Bone.037","index":14,"matrix":[-0.7276,-0.6354,-0.2586,0,0.5652,-0.7689,0.299,0,-0.3888,0.0713,0.9185,0,0,0,0,1],"rest":[-0.7276,-0.6354,-0.2586,0,0.5652,-0.7689,0.299,0,-0.3888,0.0713,0.9185,0,0,0,0,1],"parentBoneIndex":9,"length":0.2283
,"animation":{"dataType":3,"framePerSecond":24,"keys":[
{"frame":0,"values":[-0.7276,-0.6354,-0.2586,0,0.5652,-0.7689,0.299,0,-0.3888,0.0713,0.9185,0,0,0,0,1]},
{"frame":1,"values":[-0.7276,-0.6354,-0.2586,0,0.5652,-0.7689,0.299,0,-0.3888,0.0713,0.9185,0,0,0,0,1]},
{"frame":11,"values":[-0.7276,-0.6354,-0.2586,0,0.5652,-0.7689,0.299,0,-0.3888,0.0713,0.9185,0,0,0,0,1]},
{"frame":30,"values":[-0.7276,-0.6354,-0.2586,0,0.5652,-0.7689,0.299,0,-0.3888,0.0713,0.9185,0,0,0,0,1]},
{"frame":41,"values":[-0.7276,-0.6354,-0.2586,0,0.5652,-0.7689,0.299,0,-0.3888,0.0713,0.9185,0,0,0,0,1]},
{"frame":67,"values":[-0.7276,-0.6354,-0.2586,0,0.5652,-0.7689,0.299,0,-0.3888,0.0713,0.9185,0,0,0,0,1]},
{"frame":81,"values":[-0.7276,-0.6354,-0.2586,0,0.5652,-0.7689,0.299,0,-0.3888,0.0713,0.9185,0,0,0,0,1]},
{"frame":101,"values":[-0.7276,-0.6354,-0.2586,0,0.5652,-0.7689,0.299,0,-0.3888,0.0713,0.9185,0,0,0,0,1]},
{"frame":111,"values":[-0.7276,-0.6354,-0.2586,0,0.5652,-0.7689,0.299,0,-0.3888,0.0713,0.9185,0,0,0,0,1]},
{"frame":130,"values":[-0.7276,-0.6354,-0.2586,0,0.5652,-0.7689,0.299,0,-0.3888,0.0713,0.9185,0,0,0,0,1]}],"loopBehavior":1,"name":"anim","property":"_matrix"}},
{"name":"Bone.040","index":15,"matrix":[0.6616,-0.6221,0.4187,0,0.7406,0.4545,-0.495,0,0.1177,0.6375,0.7614,0,0,0.2283,0,1],"rest":[0.6616,-0.6221,0.4187,0,0.7406,0.4545,-0.495,0,0.1177,0.6375,0.7614,0,0,0.2283,0,1],"parentBoneIndex":14,"length":0.2047
,"animation":{"dataType":3,"framePerSecond":24,"keys":[
{"frame":0,"values":[0.6616,-0.6221,0.4187,0,0.7406,0.4545,-0.495,0,0.1177,0.6375,0.7614,0,0,0.2283,0,1]},
{"frame":1,"values":[0.6616,-0.6221,0.4187,0,0.7406,0.4545,-0.495,0,0.1177,0.6375,0.7614,0,0,0.2283,0,1]},
{"frame":11,"values":[0.6616,-0.6221,0.4187,0,0.7406,0.4545,-0.495,0,0.1177,0.6375,0.7614,0,0,0.2283,0,1]},
{"frame":30,"values":[0.6616,-0.6221,0.4187,0,0.7406,0.4545,-0.495,0,0.1177,0.6375,0.7614,0,0,0.2283,0,1]},
{"frame":41,"values":[0.6616,-0.6221,0.4187,0,0.7406,0.4545,-0.495,0,0.1177,0.6375,0.7614,0,0,0.2283,0,1]},
{"frame":67,"values":[0.6616,-0.6221,0.4187,0,0.7406,0.4545,-0.495,0,0.1177,0.6375,0.7614,0,0,0.2283,0,1]},
{"frame":81,"values":[0.6616,-0.6221,0.4187,0,0.7406,0.4545,-0.495,0,0.1177,0.6375,0.7614,0,0,0.2283,0,1]},
{"frame":101,"values":[0.6616,-0.6221,0.4187,0,0.7406,0.4545,-0.495,0,0.1177,0.6375,0.7614,0,0,0.2283,0,1]},
{"frame":111,"values":[0.6616,-0.6221,0.4187,0,0.7406,0.4545,-0.495,0,0.1177,0.6375,0.7614,0,0,0.2283,0,1]},
{"frame":130,"values":[0.6616,-0.6221,0.4187,0,0.7406,0.4545,-0.495,0,0.1177,0.6375,0.7614,0,0,0.2283,0,1]}],"loopBehavior":1,"name":"anim","property":"_matrix"}},
{"name":"r.knee_target","index":16,"matrix":[0.9884,0.1459,0.0411,0,-0.0513,0.0664,0.9965,0,0.1427,-0.9871,0.0732,0,0.073,-0.4909,0.9256,1],"rest":[0.9884,0.1459,0.0411,0,-0.0513,0.0664,0.9965,0,0.1427,-0.9871,0.0732,0,0.0197,-0.5022,0.9212,1],"parentBoneIndex":9,"length":0.2503
,"animation":{"dataType":3,"framePerSecond":24,"keys":[
{"frame":0,"values":[0.9884,0.1459,0.0411,0,-0.0513,0.0664,0.9965,0,0.1427,-0.9871,0.0732,0,0.0197,-0.5022,0.9212,1]},
{"frame":1,"values":[0.9884,0.1459,0.0411,0,-0.0513,0.0664,0.9965,0,0.1427,-0.9871,0.0732,0,0.0197,-0.5022,0.9212,1]},
{"frame":11,"values":[0.9884,0.1459,0.0411,0,-0.0513,0.0664,0.9965,0,0.1427,-0.9871,0.0732,0,0.0197,-0.5022,0.9212,1]},
{"frame":12,"values":[0.9884,0.1459,0.0411,0,-0.0513,0.0664,0.9965,0,0.1427,-0.9871,0.0732,0,0.021,-0.5019,0.9213,1]},
{"frame":13,"values":[0.9884,0.1459,0.0411,0,-0.0513,0.0664,0.9965,0,0.1427,-0.9871,0.0732,0,0.025,-0.5011,0.9216,1]},
{"frame":14,"values":[0.9884,0.1459,0.0411,0,-0.0513,0.0664,0.9965,0,0.1427,-0.9871,0.0732,0,0.0315,-0.4997,0.9221,1]},
{"frame":15,"values":[0.9884,0.1459,0.0411,0,-0.0513,0.0664,0.9965,0,0.1427,-0.9871,0.0732,0,0.04,-0.4979,0.9228,1]},
